# npart 350 175 175  
# lt 9.8313208864
5.000000000000001839e-03 0.000000000000000000e+00 0.000000000000000000e+00 0.000000000000000000e+00 0.000000000000000000e+00 0.000000000000000000e+00 0.000000000000000000e+00
1.500000000000000985e-02 0.000000000000000000e+00 0.000000000000000000e+00 0.000000000000000000e+00 0.000000000000000000e+00 0.000000000000000000e+00 0.000000000000000000e+00
2.500000000000001180e-02 0.000000000000000000e+00 0.000000000000000000e+00 0.000000000000000000e+00 0.000000000000000000e+00 0.000000000000000000e+00 0.000000000000000000e+00
3.500000000000000333e-02 0.000000000000000000e+00 0.000000000000000000e+00 0.000000000000000000e+00 0.000000000000000000e+00 0.000000000000000000e+00 0.000000000000000000e+00
4.499999999999998446e-02 0.000000000000000000e+00 0.000000000000000000e+00 0.000000000000000000e+00 0.000000000000000000e+00 0.000000000000000000e+00 0.000000000000000000e+00
5.499999999999998640e-02 0.000000000000000000e+00 0.000000000000000000e+00 0.000000000000000000e+00 0.000000000000000000e+00 0.000000000000000000e+00 0.000000000000000000e+00
6.499999999999996059e-02 0.000000000000000000e+00 0.000000000000000000e+00 0.000000000000000000e+00 0.000000000000000000e+00 0.000000000000000000e+00 0.000000000000000000e+00
7.500000000000002498e-02 0.000000000000000000e+00 0.000000000000000000e+00 0.000000000000000000e+00 0.000000000000000000e+00 0.000000000000000000e+00 0.000000000000000000e+00
8.499999999999997835e-02 0.000000000000000000e+00 0.000000000000000000e+00 0.000000000000000000e+00 0.000000000000000000e+00 0.000000000000000000e+00 0.000000000000000000e+00
9.500000000000007050e-02 0.000000000000000000e+00 0.000000000000000000e+00 0.000000000000000000e+00 0.000000000000000000e+00 0.000000000000000000e+00 0.000000000000000000e+00
1.049999999999999961e-01 0.000000000000000000e+00 0.000000000000000000e+00 0.000000000000000000e+00 0.000000000000000000e+00 0.000000000000000000e+00 0.000000000000000000e+00
1.150000000000001021e-01 0.000000000000000000e+00 0.000000000000000000e+00 0.000000000000000000e+00 0.000000000000000000e+00 0.000000000000000000e+00 0.000000000000000000e+00
1.250000000000000000e-01 0.000000000000000000e+00 0.000000000000000000e+00 0.000000000000000000e+00 0.000000000000000000e+00 0.000000000000000000e+00 0.000000000000000000e+00
1.349999999999998979e-01 0.000000000000000000e+00 0.000000000000000000e+00 0.000000000000000000e+00 0.000000000000000000e+00 0.000000000000000000e+00 0.000000000000000000e+00
1.449999999999999067e-01 0.000000000000000000e+00 0.000000000000000000e+00 0.000000000000000000e+00 0.000000000000000000e+00 0.000000000000000000e+00 0.000000000000000000e+00
1.549999999999999989e-01 0.000000000000000000e+00 0.000000000000000000e+00 0.000000000000000000e+00 0.000000000000000000e+00 0.000000000000000000e+00 0.000000000000000000e+00
1.650000000000000078e-01 0.000000000000000000e+00 0.000000000000000000e+00 0.000000000000000000e+00 0.000000000000000000e+00 0.000000000000000000e+00 0.000000000000000000e+00
1.749999999999999056e-01 0.000000000000000000e+00 0.000000000000000000e+00 0.000000000000000000e+00 0.000000000000000000e+00 0.000000000000000000e+00 0.000000000000000000e+00
1.849999999999998590e-01 0.000000000000000000e+00 0.000000000000000000e+00 0.000000000000000000e+00 0.000000000000000000e+00 0.000000000000000000e+00 0.000000000000000000e+00
1.950000000000000622e-01 0.000000000000000000e+00 0.000000000000000000e+00 0.000000000000000000e+00 0.000000000000000000e+00 0.000000000000000000e+00 0.000000000000000000e+00
2.050000000000000433e-01 0.000000000000000000e+00 0.000000000000000000e+00 0.000000000000000000e+00 0.000000000000000000e+00 0.000000000000000000e+00 0.000000000000000000e+00
2.149999999999999134e-01 0.000000000000000000e+00 0.000000000000000000e+00 0.000000000000000000e+00 0.000000000000000000e+00 0.000000000000000000e+00 0.000000000000000000e+00
2.249999999999998668e-01 0.000000000000000000e+00 0.000000000000000000e+00 0.000000000000000000e+00 0.000000000000000000e+00 0.000000000000000000e+00 0.000000000000000000e+00
2.350000000000000977e-01 0.000000000000000000e+00 0.000000000000000000e+00 0.000000000000000000e+00 0.000000000000000000e+00 0.000000000000000000e+00 0.000000000000000000e+00
2.450000000000000511e-01 0.000000000000000000e+00 0.000000000000000000e+00 0.000000000000000000e+00 0.000000000000000000e+00 0.000000000000000000e+00 0.000000000000000000e+00
2.550000000000000044e-01 0.000000000000000000e+00 0.000000000000000000e+00 0.000000000000000000e+00 0.000000000000000000e+00 0.000000000000000000e+00 0.000000000000000000e+00
2.649999999999999578e-01 0.000000000000000000e+00 0.000000000000000000e+00 0.000000000000000000e+00 0.000000000000000000e+00 0.000000000000000000e+00 0.000000000000000000e+00
2.750000000000001332e-01 0.000000000000000000e+00 0.000000000000000000e+00 0.000000000000000000e+00 0.000000000000000000e+00 0.000000000000000000e+00 0.000000000000000000e+00
2.850000000000000866e-01 0.000000000000000000e+00 0.000000000000000000e+00 0.000000000000000000e+00 0.000000000000000000e+00 0.000000000000000000e+00 0.000000000000000000e+00
2.949999999999999845e-01 0.000000000000000000e+00 0.000000000000000000e+00 0.000000000000000000e+00 0.000000000000000000e+00 0.000000000000000000e+00 0.000000000000000000e+00
3.049999999999998823e-01 0.000000000000000000e+00 0.000000000000000000e+00 0.000000000000000000e+00 0.000000000000000000e+00 0.000000000000000000e+00 0.000000000000000000e+00
3.150000000000000022e-01 0.000000000000000000e+00 0.000000000000000000e+00 0.000000000000000000e+00 0.000000000000000000e+00 0.000000000000000000e+00 0.000000000000000000e+00
3.249999999999998446e-01 0.000000000000000000e+00 0.000000000000000000e+00 0.000000000000000000e+00 0.000000000000000000e+00 0.000000000000000000e+00 0.000000000000000000e+00
3.350000000000002975e-01 0.000000000000000000e+00 0.000000000000000000e+00 0.000000000000000000e+00 0.000000000000000000e+00 0.000000000000000000e+00 0.000000000000000000e+00
3.450000000000000844e-01 0.000000000000000000e+00 0.000000000000000000e+00 0.000000000000000000e+00 0.000000000000000000e+00 0.000000000000000000e+00 0.000000000000000000e+00
3.550000000000002598e-01 0.000000000000000000e+00 0.000000000000000000e+00 0.000000000000000000e+00 0.000000000000000000e+00 0.000000000000000000e+00 0.000000000000000000e+00
3.650000000000001577e-01 0.000000000000000000e+00 0.000000000000000000e+00 0.000000000000000000e+00 0.000000000000000000e+00 0.000000000000000000e+00 0.000000000000000000e+00
3.750000000000000000e-01 0.000000000000000000e+00 0.000000000000000000e+00 0.000000000000000000e+00 0.000000000000000000e+00 0.000000000000000000e+00 0.000000000000000000e+00
3.849999999999998423e-01 0.000000000000000000e+00 0.000000000000000000e+00 0.000000000000000000e+00 0.000000000000000000e+00 0.000000000000000000e+00 0.000000000000000000e+00
3.949999999999997402e-01 0.000000000000000000e+00 0.000000000000000000e+00 0.000000000000000000e+00 0.000000000000000000e+00 0.000000000000000000e+00 0.000000000000000000e+00
4.049999999999998046e-01 0.000000000000000000e+00 0.000000000000000000e+00 0.000000000000000000e+00 0.000000000000000000e+00 0.000000000000000000e+00 0.000000000000000000e+00
4.149999999999995914e-01 0.000000000000000000e+00 0.000000000000000000e+00 0.000000000000000000e+00 0.000000000000000000e+00 0.000000000000000000e+00 0.000000000000000000e+00
4.250000000000002665e-01 0.000000000000000000e+00 0.000000000000000000e+00 0.000000000000000000e+00 0.000000000000000000e+00 0.000000000000000000e+00 0.000000000000000000e+00
4.350000000000001088e-01 0.000000000000000000e+00 0.000000000000000000e+00 0.000000000000000000e+00 0.000000000000000000e+00 0.000000000000000000e+00 0.000000000000000000e+00
4.450000000000001732e-01 0.000000000000000000e+00 0.000000000000000000e+00 0.000000000000000000e+00 0.000000000000000000e+00 0.000000000000000000e+00 0.000000000000000000e+00
4.550000000000000155e-01 0.000000000000000000e+00 0.000000000000000000e+00 0.000000000000000000e+00 0.000000000000000000e+00 0.000000000000000000e+00 0.000000000000000000e+00
4.649999999999999134e-01 0.000000000000000000e+00 0.000000000000000000e+00 0.000000000000000000e+00 0.000000000000000000e+00 0.000000000000000000e+00 0.000000000000000000e+00
4.749999999999997558e-01 0.000000000000000000e+00 0.000000000000000000e+00 0.000000000000000000e+00 0.000000000000000000e+00 0.000000000000000000e+00 0.000000000000000000e+00
4.849999999999997646e-01 0.000000000000000000e+00 0.000000000000000000e+00 0.000000000000000000e+00 0.000000000000000000e+00 0.000000000000000000e+00 0.000000000000000000e+00
4.949999999999997180e-01 0.000000000000000000e+00 0.000000000000000000e+00 0.000000000000000000e+00 0.000000000000000000e+00 0.000000000000000000e+00 0.000000000000000000e+00
5.050000000000002265e-01 0.000000000000000000e+00 0.000000000000000000e+00 0.000000000000000000e+00 0.000000000000000000e+00 0.000000000000000000e+00 0.000000000000000000e+00
5.150000000000002354e-01 0.000000000000000000e+00 0.000000000000000000e+00 0.000000000000000000e+00 0.000000000000000000e+00 0.000000000000000000e+00 0.000000000000000000e+00
5.250000000000000222e-01 0.000000000000000000e+00 0.000000000000000000e+00 0.000000000000000000e+00 0.000000000000000000e+00 0.000000000000000000e+00 0.000000000000000000e+00
5.350000000000000311e-01 0.000000000000000000e+00 0.000000000000000000e+00 0.000000000000000000e+00 0.000000000000000000e+00 0.000000000000000000e+00 0.000000000000000000e+00
5.450000000000002620e-01 0.000000000000000000e+00 0.000000000000000000e+00 0.000000000000000000e+00 0.000000000000000000e+00 0.000000000000000000e+00 0.000000000000000000e+00
5.549999999999998268e-01 0.000000000000000000e+00 0.000000000000000000e+00 0.000000000000000000e+00 0.000000000000000000e+00 0.000000000000000000e+00 0.000000000000000000e+00
5.649999999999999467e-01 0.000000000000000000e+00 0.000000000000000000e+00 0.000000000000000000e+00 0.000000000000000000e+00 0.000000000000000000e+00 0.000000000000000000e+00
5.749999999999996225e-01 0.000000000000000000e+00 0.000000000000000000e+00 0.000000000000000000e+00 0.000000000000000000e+00 0.000000000000000000e+00 0.000000000000000000e+00
5.850000000000004086e-01 0.000000000000000000e+00 0.000000000000000000e+00 0.000000000000000000e+00 0.000000000000000000e+00 0.000000000000000000e+00 0.000000000000000000e+00
5.949999999999998623e-01 0.000000000000000000e+00 0.000000000000000000e+00 0.000000000000000000e+00 0.000000000000000000e+00 0.000000000000000000e+00 0.000000000000000000e+00
6.050000000000003153e-01 0.000000000000000000e+00 0.000000000000000000e+00 0.000000000000000000e+00 0.000000000000000000e+00 0.000000000000000000e+00 0.000000000000000000e+00
6.149999999999997691e-01 0.000000000000000000e+00 0.000000000000000000e+00 0.000000000000000000e+00 0.000000000000000000e+00 0.000000000000000000e+00 0.000000000000000000e+00
6.250000000000000000e-01 0.000000000000000000e+00 0.000000000000000000e+00 0.000000000000000000e+00 0.000000000000000000e+00 0.000000000000000000e+00 0.000000000000000000e+00
6.350000000000003419e-01 0.000000000000000000e+00 0.000000000000000000e+00 0.000000000000000000e+00 0.000000000000000000e+00 0.000000000000000000e+00 0.000000000000000000e+00
6.449999999999996847e-01 0.000000000000000000e+00 0.000000000000000000e+00 0.000000000000000000e+00 0.000000000000000000e+00 0.000000000000000000e+00 0.000000000000000000e+00
6.550000000000002487e-01 0.000000000000000000e+00 0.000000000000000000e+00 0.000000000000000000e+00 0.000000000000000000e+00 0.000000000000000000e+00 0.000000000000000000e+00
6.649999999999994804e-01 0.000000000000000000e+00 0.000000000000000000e+00 0.000000000000000000e+00 0.000000000000000000e+00 0.000000000000000000e+00 0.000000000000000000e+00
6.750000000000003775e-01 0.000000000000000000e+00 0.000000000000000000e+00 0.000000000000000000e+00 0.000000000000000000e+00 0.000000000000000000e+00 0.000000000000000000e+00
6.849999999999998312e-01 0.000000000000000000e+00 0.000000000000000000e+00 0.000000000000000000e+00 0.000000000000000000e+00 0.000000000000000000e+00 0.000000000000000000e+00
6.950000000000001732e-01 0.000000000000000000e+00 0.000000000000000000e+00 0.000000000000000000e+00 0.000000000000000000e+00 0.000000000000000000e+00 0.000000000000000000e+00
7.049999999999994049e-01 0.000000000000000000e+00 0.000000000000000000e+00 0.000000000000000000e+00 0.000000000000000000e+00 1.002138382352941139e-08 0.000000000000000000e+00
7.149999999999999689e-01 0.000000000000000000e+00 0.000000000000000000e+00 0.000000000000000000e+00 0.000000000000000000e+00 3.897212081176471056e-08 0.000000000000000000e+00
7.250000000000003109e-01 0.000000000000000000e+00 0.000000000000000000e+00 0.000000000000000000e+00 0.000000000000000000e+00 7.201847243970591526e-07 0.000000000000000000e+00
7.349999999999996536e-01 0.000000000000000000e+00 0.000000000000000000e+00 0.000000000000000000e+00 0.000000000000000000e+00 8.242697331764706041e-06 0.000000000000000000e+00
7.450000000000001066e-01 0.000000000000000000e+00 0.000000000000000000e+00 0.000000000000000000e+00 0.000000000000000000e+00 6.972030318352940572e-05 0.000000000000000000e+00
7.549999999999998934e-01 0.000000000000000000e+00 0.000000000000000000e+00 0.000000000000000000e+00 4.369009245588234933e-08 4.021148729205881547e-04 0.000000000000000000e+00
7.650000000000003464e-01 0.000000000000000000e+00 0.000000000000000000e+00 0.000000000000000000e+00 7.574852209352942174e-07 1.759484968911764584e-03 3.404427959411764745e-08
7.749999999999995781e-01 0.000000000000000000e+00 0.000000000000000000e+00 0.000000000000000000e+00 8.657734823588235512e-06 6.005424491970588925e-03 3.151282790294116780e-07
7.850000000000000311e-01 0.000000000000000000e+00 0.000000000000000000e+00 0.000000000000000000e+00 6.993338273205883737e-05 1.668736443764705368e-02 4.025291793941176855e-06
7.950000000000007061e-01 0.000000000000000000e+00 0.000000000000000000e+00 0.000000000000000000e+00 3.916941570352941589e-04 3.925838265499999313e-02 3.409257018529411278e-05
8.049999999999998268e-01 1.537254814294117696e-08 0.000000000000000000e+00 0.000000000000000000e+00 1.671557080852941043e-03 7.999814868147059332e-02 2.143701838323529545e-04
8.150000000000003908e-01 3.149501618942689038e-07 2.399620281196639284e-07 8.998576054487396655e-08 5.669657826676469288e-03 1.449660104176470343e-01 9.853440779852939806e-04
8.249999999999995115e-01 3.512701406402017580e-06 3.659063965046723059e-06 2.722343589978151324e-06 1.571762635176470607e-02 2.376060680352940491e-01 3.549570134970588247e-03
8.350000000000005196e-01 3.146171410440335895e-05 3.077590017285377423e-05 2.551799336659159339e-05 3.699904722529410994e-02 3.584892654676470336e-01 1.043938822573529414e-02
8.449999999999996403e-01 1.940949740631008372e-04 1.992570744438656159e-04 1.673915683452101386e-04 7.574656814499999835e-02 5.042700085470589455e-01 2.583477769382352962e-02
8.550000000000003153e-01 9.194259079228742255e-04 9.119309582957648222e-04 7.677553824211764966e-04 1.380107005000000275e-01 6.691040826823529963e-01 5.523971359411764676e-02
8.649999999999993250e-01 3.376771239385966111e-03 3.369302126528067771e-03 2.840499593369747670e-03 2.278338018823529432e-01 8.446262114441178692e-01 1.044277825950000044e-01
8.750000000000000000e-01 1.010781554941302639e-02 1.005059163051731132e-02 8.571070970463529060e-03 3.460431235911765047e-01 1.022802396764705968e+00 1.779609241470588021e-01
8.850000000000006750e-01 2.539250745457226344e-02 2.527293003010084096e-02 2.157717804667563105e-02 4.900422323205881892e-01 1.195744324588234875e+00 2.778696350352940492e-01
8.949999999999996847e-01 5.517627640650672738e-02 5.482533530284032508e-02 4.699854902376806448e-02 6.539006411264705054e-01 1.357556060205882487e+00 4.027992528617647117e-01
9.050000000000003597e-01 1.056672358784327831e-01 1.051012902810857380e-01 9.030866688337817194e-02 8.299916026735293384e-01 1.503122894411764721e+00 5.485076577058822789e-01
9.149999999999993694e-01 1.821050186743697619e-01 1.812666892972437382e-01 1.560632644985546214e-01 1.009511580623529525e+00 1.629315689970588288e+00 7.083146029029411261e-01
9.250000000000004885e-01 2.869024861127478787e-01 2.854687573255462185e-01 2.465245789748571614e-01 1.184613462999999811e+00 1.735077053176470097e+00 8.742012349058824183e-01
9.349999999999996092e-01 4.187957495465965962e-01 4.166980537725377687e-01 3.610557782387898706e-01 1.348428192735294129e+00 1.820227850147058568e+00 1.038696984117647215e+00
9.450000000000000622e-01 5.730545021988234788e-01 5.698874816996973847e-01 4.952986839335797864e-01 1.495870610558823532e+00 1.885456805058823182e+00 1.195136002882352555e+00
9.549999999999991829e-01 7.422873826994200730e-01 7.386039158383865821e-01 6.434689907666217845e-01 1.623547695852940898e+00 1.932307380058823743e+00 1.337715436411764713e+00
9.650000000000000799e-01 9.176967768033024164e-01 9.124081015081010326e-01 7.976688640161679889e-01 1.730340217852941231e+00 1.962189164764706062e+00 1.463290225029411751e+00
9.750000000000005329e-01 1.090359834521764659e+00 1.084177129808067130e+00 9.504780059479663867e-01 1.814743438264706299e+00 1.977897572911764712e+00 1.569641438352941343e+00
9.849999999999996536e-01 1.252547401405630589e+00 1.245652276429915828e+00 1.095217099266554639e+00 1.878884011294117640e+00 1.980794007323529504e+00 1.655882908235293938e+00
9.950000000000001066e-01 1.398560501906554565e+00 1.390105664134789754e+00 1.226204876273949473e+00 1.923611073205881983e+00 1.973022034941176228e+00 1.722290509911764467e+00
1.004999999999999449e+00 1.524274920144370382e+00 1.514585380349243726e+00 1.340307002428235084e+00 1.950822151235294122e+00 1.956761618911764700e+00 1.770067148588235106e+00
1.015000000000000346e+00 1.627377237296890433e+00 1.616831167734454233e+00 1.434722304865209797e+00 1.962650491911764661e+00 1.933220201852941411e+00 1.801350850470587739e+00
1.024999999999999467e+00 1.707619141330504187e+00 1.696282161445714198e+00 1.510042218504201950e+00 1.961644912647058980e+00 1.904098461911764240e+00 1.817543285617647442e+00
1.034999999999999698e+00 1.765714336013445518e+00 1.753782123248067260e+00 1.565671389711932537e+00 1.949842186441176350e+00 1.870563439470588785e+00 1.820699411588235561e+00
1.045000000000000817e+00 1.802965593122352939e+00 1.790761464299495120e+00 1.603319745030252097e+00 1.928563452764706199e+00 1.833751065970588012e+00 1.813157027676471023e+00
1.054999999999999938e+00 1.822163050786218541e+00 1.809191197790924077e+00 1.624997613929748397e+00 1.900423270500000150e+00 1.794677029147058844e+00 1.796894945235293584e+00
1.065000000000000169e+00 1.825388102509159838e+00 1.812403974644369642e+00 1.632143512956302223e+00 1.866674069147058912e+00 1.753969348470588274e+00 1.773301455647058766e+00
1.074999999999999956e+00 1.815110990292688964e+00 1.801721446952269323e+00 1.627565356465210389e+00 1.828461923382352472e+00 1.712305274852941706e+00 1.743929914000000414e+00
1.085000000000000631e+00 1.794006863716470557e+00 1.780649162973781285e+00 1.613567014032605051e+00 1.787579975852941150e+00 1.670401051882353105e+00 1.710155630264706073e+00
1.094999999999999529e+00 1.764184357963529459e+00 1.750869171526386436e+00 1.590823046460504209e+00 1.744506101147058841e+00 1.628567904294117685e+00 1.673356294382353227e+00
1.104999999999999760e+00 1.727525142870924180e+00 1.714180702824201985e+00 1.562075256380168531e+00 1.699910073823529544e+00 1.586864977499999885e+00 1.634486689941176074e+00
1.114999999999999769e+00 1.686015654028487187e+00 1.672709262260168916e+00 1.529070957552604915e+00 1.654975838911764807e+00 1.545951405911764498e+00 1.593785354176470381e+00
1.125000000000000000e+00 1.641155479885882285e+00 1.627898064029243752e+00 1.492513515149243686e+00 1.609940445941176579e+00 1.505942280735293792e+00 1.552694708000000201e+00
1.135000000000000231e+00 1.596782967490504079e+00 1.583549707962353059e+00 1.456108280898151142e+00 1.566512521705881955e+00 1.467445545117647132e+00 1.512941842500000078e+00
1.145000000000000462e+00 1.554635588619075248e+00 1.541508895854454053e+00 1.421445100548907714e+00 1.524741182058823474e+00 1.430749068911764565e+00 1.474756495176470672e+00
1.155000000000000471e+00 1.514038178106974497e+00 1.500939744718991831e+00 1.388136876710924117e+00 1.485152297352941630e+00 1.395580204205882247e+00 1.438433865117646704e+00
1.164999999999999369e+00 1.475511735061260987e+00 1.462680161235630383e+00 1.356851429455461666e+00 1.447330929205882244e+00 1.362152562764705976e+00 1.403687622441176508e+00
1.174999999999999822e+00 1.439027140388319026e+00 1.426208338997646985e+00 1.326741575417142993e+00 1.411364345235293749e+00 1.330170098029411774e+00 1.370492968617647023e+00
1.185000000000000053e+00 1.403827058310588072e+00 1.391188159046722772e+00 1.298133245693445570e+00 1.376696628470588157e+00 1.299623426764705991e+00 1.338957966382352982e+00
1.195000000000000062e+00 1.370482793235041852e+00 1.357887138165378316e+00 1.270669128476974663e+00 1.343978646764706131e+00 1.270781194000000003e+00 1.308846939882352567e+00
1.204999999999999183e+00 1.338678531571680486e+00 1.325906095087058700e+00 1.244500907872940765e+00 1.312670635264705510e+00 1.242921444176471102e+00 1.280031975411764833e+00
1.215000000000000746e+00 1.308299562094201951e+00 1.295745976133445332e+00 1.219553962182857276e+00 1.282699119999999970e+00 1.216360685088235360e+00 1.252599748235293964e+00
1.225000000000000755e+00 1.279194457603193058e+00 1.266916662812773042e+00 1.195688738610756197e+00 1.254202700058823838e+00 1.191119018352941206e+00 1.226498486117646891e+00
1.234999999999999654e+00 1.251742210865378180e+00 1.239432286907899305e+00 1.173038980048739521e+00 1.227112555970587993e+00 1.167286823147058561e+00 1.201719529499999828e+00
1.244999999999999885e+00 1.225441064786050527e+00 1.213042955935462741e+00 1.151653067065210090e+00 1.201252382735294111e+00 1.144270608117647248e+00 1.177962384941176444e+00
1.255000000000000115e+00 1.200297683828151163e+00 1.188152471110588193e+00 1.131124897316974964e+00 1.176659042176470660e+00 1.122377944323529553e+00 1.155326375823529483e+00
1.265000000000000346e+00 1.176488000475378382e+00 1.164427037266890563e+00 1.111605800358655749e+00 1.153192095941176332e+00 1.101627001852941046e+00 1.133980392147058591e+00
1.274999999999999245e+00 1.153878943256638756e+00 1.141639142473613422e+00 1.093047044697478931e+00 1.130878218176470940e+00 1.081939056617646999e+00 1.113539440000000047e+00
1.284999999999999032e+00 1.132133015945125942e+00 1.119985301102521147e+00 1.075561363851428309e+00 1.109693548176470479e+00 1.063076566058823502e+00 1.093900670529412089e+00
1.295000000000001039e+00 1.111818559820504371e+00 1.099739459864874203e+00 1.059047693766050680e+00 1.089405972264705813e+00 1.045346050000000027e+00 1.075562209088235299e+00
1.304999999999999938e+00 1.092217974661512159e+00 1.080218791759663954e+00 1.043240761381512671e+00 1.070280080852940907e+00 1.028431718735294043e+00 1.058128725558823424e+00
1.314999999999999503e+00 1.073732681822520574e+00 1.061588667410420239e+00 1.028075229346890884e+00 1.051951311323529037e+00 1.012460076764705619e+00 1.041470733970588203e+00
1.325000000000000622e+00 1.056285376483781624e+00 1.044309256253445284e+00 1.014110493040336181e+00 1.034742464647058657e+00 9.972561474323529129e-01 1.025826147735293903e+00
1.335000000000000631e+00 1.039708704258991645e+00 1.027788567709915890e+00 1.000759024003361475e+00 1.018379071852941076e+00 9.829040799647058568e-01 1.010797981235294296e+00
1.344999999999999529e+00 1.023800421789075710e+00 1.011975472771764695e+00 9.882348125331430477e-01 1.002912511323529321e+00 9.693711068294116329e-01 9.968523729823528523e-01
1.354999999999999094e+00 1.009027951138151469e+00 9.971156926305886348e-01 9.762655263430587427e-01 9.882166958529410294e-01 9.565366854676469188e-01 9.834580402529411458e-01
1.365000000000000213e+00 9.949034839262014263e-01 9.829453928819495978e-01 9.653520800897142928e-01 9.745067781411764773e-01 9.445143564294116167e-01 9.711153069499997015e-01
1.375000000000000000e+00 9.816866192603617147e-01 9.698170958969747346e-01 9.548483603042019485e-01 9.614479235029407267e-01 9.332280160529411450e-01 9.592811168558824653e-01
1.384999999999999787e+00 9.692375542249916931e-01 9.574425575393950005e-01 9.452910811283697923e-01 9.491203620294119681e-01 9.225398389323529180e-01 9.483561604235295484e-01
1.395000000000000906e+00 9.575934540412518459e-01 9.455775169513614964e-01 9.361684928174117681e-01 9.376393563911765705e-01 9.125493300794117468e-01 9.378824006382354694e-01
1.405000000000000471e+00 9.465610624256050043e-01 9.345097808916302817e-01 9.276060926286053832e-01 9.267788884470588018e-01 9.032557599176472829e-01 9.284222601647059703e-01
1.414999999999999369e+00 9.363130333234870317e-01 9.243809675303195084e-01 9.199717827024201933e-01 9.167458314735295044e-01 8.946309929411765394e-01 9.194910987764706167e-01
1.424999999999999378e+00 9.268159319190166778e-01 9.147431480006724680e-01 9.129718718896132623e-01 9.072800157441175406e-01 8.867076982941178853e-01 9.110672114235294217e-01
1.435000000000000497e+00 9.178623261967985281e-01 9.058637167471259577e-01 9.065297983419833283e-01 8.984717547882352662e-01 8.793871525088237107e-01 9.033910111205880611e-01
1.445000000000000062e+00 9.097106125747732586e-01 8.975931469486385650e-01 9.003859619933445302e-01 8.903190597558824360e-01 8.725505303235292498e-01 8.964601966058822757e-01
1.454999999999998961e+00 9.021159990743865542e-01 8.898319971928737582e-01 8.950799425023531208e-01 8.828264659000000236e-01 8.664117470764708395e-01 8.900115348647059665e-01
1.465000000000001412e+00 8.951539166405376724e-01 8.828979586888742181e-01 8.903006177448404834e-01 8.760482910441177440e-01 8.608222248647060537e-01 8.840702558588238169e-01
1.475000000000000755e+00 8.888585312382437653e-01 8.766787139716640809e-01 8.861340628859495361e-01 8.697709428558823008e-01 8.558318743499998549e-01 8.788671533411764880e-01
1.484999999999999654e+00 8.830974487878150425e-01 8.707336448151932196e-01 8.824076122746555839e-01 8.640678602735293312e-01 8.512907841088235283e-01 8.741871618676470002e-01
1.494999999999999440e+00 8.779455954012520547e-01 8.655337942052770961e-01 8.792251865044033998e-01 8.590620523970585731e-01 8.474297233352942049e-01 8.700747144735294647e-01
1.505000000000000560e+00 8.733658880307648698e-01 8.611456508201345006e-01 8.765696570795294962e-01 8.545496921794116796e-01 8.440161839352942064e-01 8.664929304147059863e-01
1.515000000000000346e+00 8.693785190802268970e-01 8.569735088095461473e-01 8.746992340196975135e-01 8.504910283029409879e-01 8.412606406382352464e-01 8.634069681882353686e-01
1.524999999999999245e+00 8.659209663610166752e-01 8.535293737100169142e-01 8.730816988225211794e-01 8.471621825823527629e-01 8.389584251764704570e-01 8.609124385941175905e-01
1.534999999999998588e+00 8.629946963242101088e-01 8.505336654886386238e-01 8.718445407850083928e-01 8.442931975794115695e-01 8.371934635529409974e-01 8.589281395294118271e-01
1.545000000000001039e+00 8.606435768620755988e-01 8.480426998858489052e-01 8.712039698887059647e-01 8.420632232647059512e-01 8.358991259999999368e-01 8.575128388176469496e-01
1.554999999999999938e+00 8.588629500974369613e-01 8.462398198711261754e-01 8.711907162472943833e-01 8.402644825499998582e-01 8.350470814499999506e-01 8.565882000970589383e-01
1.564999999999999503e+00 8.575947010312690022e-01 8.447695171894791244e-01 8.715715996972439594e-01 8.389971425941178396e-01 8.348914741441175735e-01 8.561123502117645723e-01
1.575000000000000844e+00 8.567296768957477493e-01 8.440131306064538874e-01 8.722003532504871703e-01 8.383206560852942690e-01 8.351050432794118183e-01 8.561115768735294562e-01
1.585000000000000631e+00 8.564525514983865051e-01 8.435820652728406310e-01 8.737195019987898936e-01 8.381058299617645257e-01 8.357920292176472810e-01 8.567212565705881744e-01
1.594999999999999307e+00 8.566405023103195182e-01 8.439419728473276372e-01 8.755158368733785279e-01 8.383067110235293828e-01 8.369185386735294996e-01 8.577808887558822093e-01
1.604999999999998650e+00 8.574218431173277200e-01 8.444584989360002236e-01 8.775564999803696642e-01 8.390353129823528988e-01 8.385345065735295700e-01 8.592467561235292983e-01
1.615000000000000213e+00 8.585492978468404202e-01 8.457489739745543966e-01 8.799550141514623780e-01 8.403259518882352230e-01 8.407132805911764484e-01 8.611576636970589282e-01
1.625000000000000000e+00 8.602206891042604164e-01 8.472549070631596457e-01 8.831118337161681930e-01 8.420054458911765405e-01 8.432992365588234396e-01 8.635389758147058448e-01
1.634999999999999787e+00 8.623233226867897949e-01 8.493103048498489294e-01 8.864848469064203762e-01 8.443143201088234573e-01 8.463642942205880093e-01 8.664173513088235801e-01
1.645000000000001350e+00 8.648577606867897671e-01 8.519359888238318135e-01 8.903935322417143583e-01 8.468922380852939025e-01 8.498389708294117328e-01 8.696483027470587324e-01
1.655000000000000693e+00 8.678828106835211331e-01 8.549454699318655981e-01 8.945930287835291983e-01 8.500643631705880887e-01 8.537341144058823161e-01 8.733780376529411971e-01
1.664999999999999369e+00 8.714070365562941456e-01 8.583890014677986180e-01 8.991944573710588529e-01 8.535640235882353544e-01 8.581196694617646559e-01 8.774326162441177246e-01
1.674999999999998934e+00 8.751238824826722551e-01 8.622203141675294225e-01 9.040447845305548125e-01 8.576381926647055343e-01 8.627814912499999211e-01 8.819572651117647544e-01
1.685000000000000719e+00 8.794173570251173633e-01 8.665079492454456078e-01 9.091676670154286155e-01 8.620193416882354631e-01 8.678547965882354998e-01 8.868901488147057366e-01
1.695000000000000062e+00 8.840916923113277814e-01 8.713260271250421463e-01 9.147700440843022918e-01 8.668794095911764863e-01 8.734242550470586730e-01 8.922051931352940057e-01
1.704999999999998961e+00 8.890688431576471151e-01 8.762371622546217820e-01 9.206111254833277968e-01 8.721018650823527674e-01 8.793044708764707895e-01 8.978073581176468920e-01
1.715000000000001634e+00 8.944682574858319191e-01 8.818311491984871520e-01 9.265806853883697958e-01 8.777437077029414114e-01 8.855114323235292462e-01 9.038521429588234346e-01
1.725000000000000977e+00 9.000223825462017047e-01 8.877053247804705949e-01 9.327644659607394750e-01 8.837265155970589481e-01 8.922308183764705580e-01 9.099810358911762931e-01
1.734999999999999654e+00 9.059290556256217597e-01 8.939203481670253693e-01 9.391882349364706339e-01 8.901143609676470669e-01 8.991210256029411596e-01 9.164710282264704189e-01
1.744999999999999218e+00 9.121447336423108565e-01 9.005567714503864840e-01 9.457481686152604539e-01 8.968184377794115036e-01 9.062844500411763038e-01 9.232147796352941915e-01
1.755000000000000782e+00 9.186046980743949320e-01 9.074099248261512374e-01 9.522216007265547066e-01 9.037769201470587932e-01 9.137911988147058295e-01 9.303117706441175194e-01
1.765000000000000346e+00 9.252879220912605396e-01 9.145026882327731421e-01 9.590619162244035101e-01 9.109708896058824612e-01 9.215108578470589951e-01 9.376417903558822431e-01
1.774999999999999023e+00 9.320408310876973079e-01 9.219054983880001775e-01 9.657830738844708218e-01 9.185685422441175474e-01 9.295601230235294166e-01 9.449361875470588812e-01
1.784999999999998366e+00 9.390457386604708079e-01 9.294301082800334735e-01 9.726340206273278444e-01 9.263276997117647626e-01 9.377152892647060423e-01 9.525228137441177356e-01
1.795000000000001261e+00 9.461451014174283580e-01 9.373867411373448810e-01 9.791941274902183912e-01 9.343057559529412970e-01 9.460019535882356889e-01 9.600249721558824501e-01
1.804999999999999938e+00 9.532205717428990921e-01 9.453736435785881076e-01 9.858400187364708689e-01 9.423811725705883990e-01 9.544951773588236099e-01 9.676987403235296492e-01
1.814999999999999281e+00 9.603834781352266203e-01 9.533604263136806756e-01 9.922733649851093185e-01 9.506772661117648404e-01 9.630223723058823904e-01 9.752351128676468583e-01
1.825000000000001066e+00 9.675496445629492293e-01 9.613510741473275667e-01 9.986135417727730612e-01 9.590536214029412587e-01 9.715140323323528948e-01 9.827378592617648234e-01
1.835000000000000631e+00 9.746510232465545043e-01 9.696783886094120231e-01 1.004788673802352816e+00 9.673896199764705495e-01 9.800093650264708467e-01 9.902586457117646956e-01
1.844999999999999307e+00 9.817866863352184836e-01 9.777044081631934835e-01 1.010506143574789961e+00 9.756869993676470232e-01 9.883180563441179567e-01 9.975708266088233467e-01
1.854999999999998650e+00 9.887249273150421347e-01 9.855847457607732620e-01 1.016371313612772997e+00 9.840929455029413520e-01 9.965266490323528847e-01 1.004750965323529144e+00
1.865000000000000435e+00 9.955903159467309749e-01 9.935658511653779890e-01 1.021506737037983337e+00 9.922946440617645969e-01 1.004401241147058865e+00 1.011681522411764789e+00
1.875000000000000000e+00 1.002403352238067313e+00 1.001034708784538152e+00 1.026840555701848956e+00 1.000341601361764976e+00 1.012116232088235535e+00 1.018376786676470358e+00
1.884999999999999343e+00 1.008900858594286021e+00 1.008341859752268643e+00 1.031593901768067090e+00 1.008153219441176196e+00 1.019447012676470754e+00 1.024835299558823243e+00
1.895000000000001350e+00 1.015156334330336030e+00 1.015693683860168228e+00 1.036084206682689191e+00 1.015666887294117693e+00 1.026424162823529329e+00 1.030972367029411529e+00
1.905000000000000693e+00 1.021172029205797971e+00 1.022234008815125827e+00 1.040169923638991856e+00 1.022882683441176610e+00 1.033034010029411309e+00 1.036692807911764769e+00
1.914999999999999591e+00 1.027003431082604834e+00 1.028797286329411920e+00 1.044010693981512805e+00 1.029787679588235472e+00 1.039099649058823571e+00 1.041981290941176308e+00
1.924999999999998934e+00 1.032426442749579509e+00 1.034884227438655824e+00 1.047432433839327937e+00 1.036127163647059035e+00 1.044712653617647202e+00 1.046908856764705797e+00
1.935000000000000941e+00 1.037537430321344267e+00 1.040532010971428445e+00 1.050472545170420435e+00 1.042179264264705862e+00 1.049769380588235101e+00 1.051368924000000149e+00
1.944999999999999840e+00 1.042316320021764664e+00 1.045570531544873782e+00 1.053067915133445664e+00 1.047652169529411870e+00 1.054366864235293910e+00 1.055385544235294182e+00
1.954999999999998739e+00 1.046688690650924292e+00 1.050218025749243944e+00 1.055386014049411569e+00 1.052676874029411680e+00 1.058432434617647244e+00 1.058904919558823599e+00
1.965000000000001634e+00 1.050693709012437083e+00 1.054506610592268689e+00 1.057208886798655545e+00 1.057261260382352575e+00 1.061885853794117818e+00 1.062042127264705371e+00
1.975000000000000533e+00 1.054226720124369798e+00 1.058040465142184638e+00 1.058782937062184626e+00 1.061200360764705808e+00 1.064958486499999690e+00 1.064629087558823795e+00
1.984999999999999876e+00 1.057457161815042124e+00 1.061286356535126041e+00 1.059990483200672129e+00 1.064681718882352968e+00 1.067397909088235508e+00 1.067012045176470636e+00
1.994999999999999440e+00 1.060082642623865423e+00 1.063919094913613250e+00 1.060636478291092422e+00 1.067518669441176238e+00 1.069359259588235078e+00 1.068658165000000215e+00
2.005000000000000338e+00 1.062404705706806896e+00 1.066047572577479174e+00 1.061016510872268892e+00 1.069885582411764791e+00 1.070808292941175965e+00 1.069922508205882306e+00
2.015000000000000124e+00 1.064227077276470146e+00 1.067650552051764512e+00 1.061151899014790345e+00 1.071822563352940794e+00 1.071792296588235605e+00 1.070816909735294198e+00
2.024999999999999467e+00 1.065599267704621766e+00 1.069075318181848422e+00 1.060838395699159387e+00 1.073190046794117336e+00 1.072336928970588410e+00 1.071246820647058673e+00
2.034999999999998366e+00 1.066586148466050155e+00 1.069697508054453516e+00 1.060374774716974500e+00 1.074160838323529932e+00 1.072481939882353075e+00 1.071205647764705837e+00
2.045000000000001261e+00 1.067071913559579865e+00 1.069876665853109143e+00 1.059459887893109631e+00 1.074595399823529140e+00 1.072205164705882341e+00 1.070934572205882285e+00
2.055000000000000604e+00 1.067240533906722577e+00 1.069815582319664005e+00 1.058387621666218248e+00 1.074580604264705919e+00 1.071592154617647230e+00 1.070238433529411948e+00
2.064999999999999059e+00 1.066997043616050744e+00 1.069478205999327747e+00 1.056867787521680757e+00 1.074180495294117632e+00 1.070579051617647215e+00 1.069241436264706024e+00
2.075000000000001066e+00 1.066428281160840097e+00 1.068725544522352910e+00 1.055217483381176269e+00 1.073415533294117763e+00 1.069301999441176099e+00 1.067929119705882224e+00
2.084999999999999964e+00 1.065528092527310955e+00 1.067428305975125724e+00 1.053401213040000117e+00 1.072385737676470940e+00 1.067794820794117916e+00 1.066420583323529181e+00
2.094999999999999307e+00 1.064329833375798007e+00 1.065884674947226829e+00 1.051423067662185185e+00 1.070934551058823514e+00 1.065964695470588142e+00 1.064463887058823222e+00
2.104999999999999094e+00 1.062809750590336222e+00 1.064141671765713948e+00 1.049180391429580084e+00 1.069256519000000072e+00 1.063927390823529384e+00 1.062387723264706096e+00
2.115000000000000657e+00 1.061060607931008315e+00 1.062154962780504253e+00 1.046851275418487770e+00 1.067375832970588023e+00 1.061658542647058834e+00 1.060251377029411746e+00
2.125000000000000000e+00 1.059101144820840723e+00 1.060050288228907789e+00 1.044427488200672549e+00 1.065132877882353002e+00 1.059245712529412131e+00 1.057796606029411723e+00
2.134999999999999343e+00 1.056885328687730885e+00 1.057425356192268850e+00 1.041911628020167901e+00 1.062776222029411910e+00 1.056717231500000187e+00 1.055270812558823712e+00
2.145000000000000462e+00 1.054582919349159820e+00 1.054957400229579845e+00 1.039035646531765167e+00 1.060246852176470744e+00 1.054072319676470526e+00 1.052555273323529272e+00
2.155000000000000693e+00 1.052030428341681034e+00 1.052040642206722776e+00 1.036308981461848910e+00 1.057473977852941172e+00 1.051188822382352450e+00 1.049764105941176640e+00
2.165000000000000480e+00 1.049393417247395099e+00 1.049320195458151028e+00 1.033493673744201313e+00 1.054709564794117815e+00 1.048227355382352899e+00 1.046971600147058812e+00
2.174999999999998934e+00 1.046637056482184969e+00 1.046322651370083845e+00 1.030687292285042078e+00 1.051732159441176595e+00 1.045346138764705612e+00 1.043803114941176391e+00
2.185000000000000941e+00 1.043765452280335904e+00 1.043308055545210333e+00 1.027777608137143250e+00 1.048661847911764866e+00 1.042230832735294266e+00 1.040870971441176573e+00
2.194999999999998952e+00 1.040821121288235229e+00 1.040122529226554571e+00 1.024933711254453650e+00 1.045656901852941134e+00 1.039250191794117484e+00 1.037765448470588270e+00
2.204999999999998739e+00 1.037884150266218386e+00 1.036938235997647118e+00 1.022088592862521184e+00 1.042532530852940953e+00 1.036174990294117526e+00 1.034754225235294145e+00
2.215000000000001634e+00 1.034825881390756486e+00 1.033815922241344554e+00 1.019139141058487574e+00 1.039341933852941047e+00 1.033079027705882558e+00 1.031625865058823255e+00
2.224999999999999645e+00 1.031754957980587806e+00 1.030606385531092517e+00 1.016201829950924340e+00 1.036198279794117383e+00 1.030035828441176582e+00 1.028683308176470579e+00
2.234999999999999876e+00 1.028751934720000261e+00 1.027416742196974875e+00 1.013643609075630225e+00 1.032995383088235686e+00 1.026979081147058936e+00 1.025524892735294014e+00
2.245000000000000107e+00 1.025736415235798393e+00 1.024073044789916009e+00 1.010719036142520899e+00 1.029746879205882371e+00 1.023898088676470364e+00 1.022454928764706006e+00
2.254999999999999893e+00 1.022695007987394877e+00 1.020920504338487245e+00 1.008016487033949637e+00 1.026636638176471106e+00 1.020959165588235296e+00 1.019475701705882642e+00
2.265000000000000124e+00 1.019701807991680642e+00 1.017764496052437018e+00 1.005360457424874232e+00 1.023532518500000155e+00 1.017959327294117422e+00 1.016580995617647032e+00
2.275000000000000355e+00 1.016717400156470719e+00 1.014657122257814903e+00 1.002682676938487338e+00 1.020384252147058968e+00 1.015007330941176455e+00 1.013717241676470593e+00
2.284999999999998366e+00 1.013817216285966438e+00 1.011797727385210344e+00 1.000096586790252262e+00 1.017438754705882298e+00 1.012298255882353004e+00 1.010946659205882225e+00
2.295000000000001261e+00 1.010956193705462303e+00 1.008743591917310667e+00 9.978782566376470653e-01 1.014450941882353074e+00 1.009514720794117748e+00 1.008222588794117414e+00
2.305000000000001492e+00 1.008202244999495845e+00 1.005750019240336135e+00 9.954698023583193889e-01 1.011569760852941258e+00 1.006902025294117653e+00 1.005522612147058847e+00
2.314999999999999059e+00 1.005501064477647422e+00 1.003054607991932912e+00 9.933044785363365214e-01 1.008837803029411839e+00 1.004288841852941205e+00 1.003012685617647115e+00
2.325000000000001510e+00 1.002871553891932610e+00 1.000294498718319325e+00 9.911330317888743524e-01 1.006057037764706008e+00 1.001829790470588621e+00 1.000556111982352947e+00
2.334999999999999076e+00 1.000368421543865738e+00 9.976440808870588040e-01 9.890504623522691219e-01 1.003428988499999841e+00 9.994618787411766458e-01 9.982201594617648999e-01
2.344999999999999307e+00 9.979376859024370328e-01 9.952173571926052897e-01 9.870717740681341779e-01 1.000904812176470315e+00 9.971920244147058909e-01 9.960076541617648438e-01
2.354999999999999538e+00 9.955822217568991439e-01 9.927650503395630821e-01 9.852391335203700695e-01 9.984638067029411035e-01 9.950374860000000821e-01 9.937743797029412463e-01
2.365000000000000213e+00 9.933915223942018091e-01 9.903300694005378046e-01 9.835461880245376376e-01 9.961920677705881078e-01 9.929624669029413209e-01 9.918010366441175618e-01
2.375000000000000000e+00 9.912557548689830966e-01 9.882382146250086041e-01 9.818541545080335942e-01 9.939798708088237733e-01 9.910125098911762853e-01 9.898943874470587101e-01
2.385000000000000231e+00 9.892615018932433557e-01 9.860967068585546613e-01 9.804922723785884919e-01 9.918949959676469641e-01 9.891791871647059864e-01 9.880905002294115835e-01
2.395000000000000018e+00 9.873507759907983461e-01 9.841164207894455007e-01 9.790611247502518655e-01 9.899477107264705866e-01 9.874801560676469414e-01 9.863655064764704772e-01
2.405000000000000693e+00 9.856255351214368021e-01 9.822762830174117665e-01 9.778243174324031672e-01 9.880749279264705587e-01 9.858385931558821813e-01 9.848539934058823109e-01
2.415000000000000924e+00 9.839759671624873638e-01 9.805339416938824160e-01 9.767461640251762223e-01 9.863765930676473559e-01 9.844995681176472724e-01 9.833941309058824576e-01
2.424999999999998490e+00 9.824849740695883460e-01 9.789212129177145005e-01 9.756092266626554821e-01 9.847561513823526180e-01 9.830210812941174714e-01 9.820916026382351394e-01
2.435000000000000941e+00 9.810207659143108661e-01 9.775316903297145421e-01 9.747672132730081929e-01 9.832607840470589666e-01 9.818286840911762958e-01 9.809539913911763387e-01
2.444999999999998508e+00 9.797816804495208531e-01 9.761999597800338213e-01 9.739991634904537898e-01 9.819585785911764120e-01 9.807618454441175970e-01 9.798375280705881041e-01
2.454999999999998739e+00 9.785599998200252836e-01 9.749795460900504418e-01 9.733484806148575696e-01 9.806881777352941532e-01 9.797681900088237583e-01 9.789523002529411100e-01
2.465000000000002078e+00 9.774936842273279636e-01 9.738883047888403643e-01 9.727237193059161680e-01 9.796142849882351067e-01 9.788902993352939230e-01 9.780514731352941693e-01
2.474999999999999201e+00 9.766293242622691162e-01 9.729405305174116947e-01 9.722732270682351574e-01 9.786073967441178967e-01 9.781877999911765542e-01 9.773682753999999306e-01
2.484999999999999876e+00 9.758389090476047301e-01 9.720988078276636690e-01 9.720905578852437889e-01 9.777928935382352860e-01 9.775286689470585877e-01 9.767978237088233984e-01
2.495000000000000551e+00 9.751585550770924815e-01 9.714016729528738292e-01 9.717545360013781774e-01 9.770457037852942062e-01 9.770362404058824390e-01 9.764074655529413338e-01
2.504999999999999449e+00 9.745562992883781694e-01 9.708627051367060279e-01 9.716260209875295928e-01 9.764990974441175586e-01 9.765833899529411388e-01 9.760672737676470145e-01
2.515000000000000124e+00 9.741651474408404843e-01 9.703858180962351421e-01 9.716527831379496716e-01 9.760059807999998949e-01 9.763062276264707906e-01 9.757507373911766813e-01
2.525000000000000799e+00 9.737956936506302341e-01 9.699520840471262950e-01 9.718115302687060364e-01 9.756256953470585636e-01 9.761913396882351268e-01 9.756604086294116129e-01
2.534999999999997922e+00 9.736706692074453828e-01 9.698376288620170760e-01 9.720637697576473002e-01 9.753886472205882674e-01 9.760684796382353978e-01 9.757159130529411417e-01
2.545000000000001261e+00 9.735491211415291390e-01 9.697647347291091791e-01 9.722751942274289183e-01 9.752513324235290160e-01 9.761354189852942120e-01 9.757766777676470937e-01
2.555000000000001936e+00 9.735317075695040234e-01 9.696915284635966303e-01 9.726943128175463693e-01 9.752259698676470911e-01 9.762450024617644884e-01 9.759453718176470671e-01
2.564999999999999059e+00 9.737402964113868187e-01 9.698668255590251475e-01 9.731992835135797604e-01 9.753121720911763770e-01 9.764799561294118524e-01 9.762542316970590495e-01
2.575000000000001510e+00 9.739478019543359455e-01 9.701350423245377330e-01 9.736208957693445187e-01 9.754723392382352865e-01 9.768752895764706290e-01 9.766817357205884731e-01
2.584999999999998632e+00 9.742361116667143106e-01 9.704677781555293148e-01 9.743410123331093242e-01 9.757856130147061213e-01 9.772797435294116042e-01 9.771490705323532255e-01
2.594999999999999307e+00 9.746284341951595431e-01 9.707721444182526582e-01 9.751435846982519084e-01 9.761503079794117133e-01 9.777860894647057988e-01 9.777670207647060074e-01
2.605000000000000426e+00 9.750891892682858053e-01 9.712738881483026221e-01 9.758492159959665235e-01 9.766926782147057340e-01 9.783886932411766102e-01 9.784615084470589252e-01
2.614999999999999325e+00 9.757600674078233949e-01 9.719961213270253975e-01 9.768321599077313122e-01 9.772342674294119957e-01 9.790556704676472988e-01 9.790874330352942190e-01
2.625000000000000000e+00 9.764283671060336456e-01 9.727173400945211545e-01 9.775995004633617480e-01 9.778942031617647856e-01 9.798005629970587549e-01 9.799207507205882628e-01
2.635000000000000675e+00 9.771576771629912894e-01 9.734266840843361912e-01 9.785708697986217341e-01 9.786376237735294747e-01 9.805989627647060392e-01 9.808119647147058862e-01
2.644999999999999574e+00 9.780087359051431450e-01 9.741698580197649671e-01 9.795076351602352016e-01 9.793789438382354273e-01 9.814123655235295063e-01 9.817291378147058323e-01
2.655000000000000693e+00 9.788319913276724016e-01 9.750698404042689171e-01 9.806770752928740675e-01 9.803118514823528917e-01 9.823880639735292908e-01 9.827655913852940683e-01
2.665000000000001368e+00 9.797085580487059353e-01 9.761682071341514222e-01 9.816498707701513116e-01 9.812583247676471832e-01 9.833189971176471422e-01 9.837765579794117698e-01
2.674999999999998490e+00 9.807701335703276069e-01 9.771350277906553083e-01 9.829239844015460470e-01 9.822059123088235921e-01 9.843651807941176113e-01 9.848334318999998338e-01
2.685000000000000941e+00 9.817997064312942168e-01 9.782897081466553901e-01 9.839385011806385251e-01 9.832290041294119431e-01 9.853968076058824410e-01 9.859809044147058721e-01
2.694999999999997620e+00 9.829077585175377552e-01 9.794526327922689068e-01 9.850465118356638294e-01 9.843258749588237322e-01 9.865073177558821849e-01 9.870955136264709662e-01
2.704999999999998739e+00 9.839738531345798567e-01 9.805165892178152598e-01 9.863149578220840041e-01 9.854545657617649335e-01 9.875845302500001477e-01 9.883259434088236262e-01
2.715000000000002078e+00 9.850937656749493287e-01 9.817061917861512610e-01 9.874382398459160548e-01 9.866214440529411656e-01 9.887198715088236778e-01 9.895586893294116004e-01
2.724999999999998757e+00 9.862949942299076289e-01 9.829100448872267748e-01 9.886042240578150064e-01 9.878028533088233365e-01 9.898656421382353576e-01 9.907825640352939667e-01
2.734999999999999876e+00 9.874887059906050091e-01 9.841776449909240831e-01 9.897742229322354923e-01 9.889594062764706095e-01 9.910232307294118970e-01 9.919676235882352033e-01
2.745000000000000995e+00 9.887238168732942478e-01 9.853830605798321596e-01 9.909873535553950230e-01 9.901768102176469188e-01 9.922116202941175800e-01 9.931356133823530108e-01
2.754999999999999005e+00 9.898277152260590572e-01 9.866922831007063355e-01 9.920908843684035361e-01 9.913585424676469859e-01 9.933781567617647745e-01 9.943838466029412126e-01
2.765000000000000124e+00 9.911059416919246745e-01 9.878985379808068457e-01 9.933578912052102305e-01 9.926260972205881439e-01 9.945530757705881575e-01 9.955731221647058371e-01
2.775000000000001243e+00 9.922828118388066221e-01 9.892613922233951529e-01 9.944152702202019301e-01 9.938525635147058557e-01 9.956602549176473138e-01 9.967986480735295807e-01
2.784999999999997922e+00 9.935044236273193885e-01 9.904451294359662983e-01 9.954034416826890164e-01 9.950864980235296642e-01 9.968213380794118672e-01 9.979940431529413791e-01
2.795000000000001261e+00 9.946576586847564183e-01 9.916757738638992681e-01 9.965091276070588977e-01 9.962648791441175433e-01 9.979230898647060144e-01 9.991023562235293864e-01
2.805000000000002380e+00 9.957788213167311220e-01 9.929118518614791222e-01 9.975460233186554948e-01 9.974617803970587948e-01 9.989607871558824348e-01 1.000278951858823540e+00
2.814999999999999059e+00 9.969767909536804140e-01 9.941116536956975391e-01 9.985064625236974578e-01 9.985866671882355217e-01 1.000038405685294007e+00 1.001334294499999666e+00
2.825000000000001510e+00 9.980361928827730100e-01 9.952754461714288237e-01 9.994394094070588874e-01 9.997014421882355339e-01 1.001090396676470595e+00 1.002428103882353483e+00
2.834999999999998188e+00 9.991434880290759324e-01 9.964206902208405658e-01 1.000350579240000259e+00 1.000821246882352966e+00 1.002065949323529770e+00 1.003386914294117638e+00
2.844999999999999307e+00 1.000140802981344335e+00 9.975066660685716347e-01 1.001231388646386611e+00 1.001895153499999802e+00 1.003028021647059065e+00 1.004426543676470773e+00
2.855000000000000426e+00 1.001144209948571451e+00 9.984992413774791409e-01 1.002039382445042648e+00 1.002886170588235260e+00 1.003855383823529346e+00 1.005343568235294027e+00
2.864999999999998881e+00 1.002100100947058703e+00 9.995412137657139207e-01 1.002775618088067366e+00 1.003924526088235014e+00 1.004725779147058295e+00 1.006199941705882450e+00
2.875000000000000000e+00 1.002996268602016405e+00 1.000433362678991633e+00 1.003450669774790249e+00 1.004847614441176429e+00 1.005615427558823383e+00 1.007048309500000016e+00
2.885000000000001119e+00 1.003871046750840268e+00 1.001412697085041659e+00 1.004207513509915772e+00 1.005709815029411480e+00 1.006291896235294248e+00 1.007840197029411744e+00
2.894999999999999574e+00 1.004625245458319105e+00 1.002309995491764694e+00 1.004669710207059197e+00 1.006550321617647015e+00 1.007035629882352623e+00 1.008531375558823218e+00
2.905000000000000693e+00 1.005430217301680695e+00 1.002976647365042107e+00 1.005085922535126075e+00 1.007309713470588175e+00 1.007626225529411501e+00 1.009210730588235183e+00
2.915000000000002256e+00 1.006098962186050549e+00 1.003719653187226779e+00 1.005651941289075646e+00 1.008000573000000122e+00 1.008289954294117718e+00 1.009741826441176604e+00
2.924999999999998490e+00 1.006682669495798210e+00 1.004478948947898687e+00 1.006040809414790127e+00 1.008708437735294172e+00 1.008818742588235340e+00 1.010255048970587932e+00
2.935000000000001386e+00 1.007325689208907749e+00 1.004995214522016678e+00 1.006430409539495807e+00 1.009305149294117632e+00 1.009296445882352788e+00 1.010782689088235431e+00
2.944999999999997176e+00 1.007828850984621827e+00 1.005577592960672284e+00 1.006748567545210138e+00 1.009819575764705935e+00 1.009744519794117501e+00 1.011163728441176302e+00
2.954999999999998739e+00 1.008289304955798160e+00 1.006028656318991521e+00 1.006971914032941173e+00 1.010300223058823610e+00 1.010050045499999882e+00 1.011551050176470845e+00
2.965000000000002078e+00 1.008674053612352628e+00 1.006491813525378198e+00 1.007151918787563050e+00 1.010704262176470802e+00 1.010331009294117566e+00 1.011891187911764911e+00
2.974999999999998312e+00 1.009052698845462226e+00 1.006868159792269068e+00 1.007254591654789921e+00 1.011087389882353138e+00 1.010590569058823496e+00 1.012111706176471060e+00
2.984999999999999876e+00 1.009300117556386045e+00 1.007067139290756419e+00 1.007358849413445334e+00 1.011375521529411570e+00 1.010781547558823545e+00 1.012166474176470210e+00
2.995000000000000995e+00 1.009555879244285803e+00 1.007399926514621846e+00 1.007303406228907683e+00 1.011609374470588518e+00 1.010964638794117798e+00 1.012358488352941510e+00
3.004999999999999005e+00 1.009707871325126183e+00 1.007444588015798503e+00 1.007226079546890585e+00 1.011846843970588328e+00 1.011001747735294165e+00 1.012468135852941042e+00
3.015000000000000124e+00 1.009788346208655652e+00 1.007652479618823538e+00 1.007226845819496175e+00 1.011933226382353279e+00 1.011017867499999889e+00 1.012497299000000073e+00
3.025000000000001688e+00 1.009903727133697693e+00 1.007784673735462544e+00 1.007155955412100790e+00 1.011965087382353135e+00 1.011005836970588323e+00 1.012461251058823564e+00
3.034999999999997922e+00 1.009907904429075520e+00 1.007773205731764765e+00 1.006913417484706086e+00 1.011985607676470167e+00 1.010982933176470366e+00 1.012334944764705869e+00
3.045000000000001261e+00 1.009875401765798042e+00 1.007686047084706438e+00 1.006871866781848590e+00 1.011965122617647372e+00 1.010894560235294115e+00 1.012203151705882487e+00
3.055000000000002824e+00 1.009779336729663690e+00 1.007564626346218795e+00 1.006462591526722683e+00 1.011913722117647074e+00 1.010668875235294362e+00 1.012026967235294395e+00
3.064999999999998614e+00 1.009644234078571623e+00 1.007454667967394801e+00 1.006276274052100961e+00 1.011758652382352963e+00 1.010494690294117870e+00 1.011863158205882351e+00
3.075000000000001510e+00 1.009456761543277237e+00 1.007209520127730906e+00 1.005958388334453835e+00 1.011560490499999965e+00 1.010253001411764551e+00 1.011568903999999991e+00
3.084999999999997744e+00 1.009274060541848872e+00 1.006995015705882235e+00 1.005721555706218684e+00 1.011318112441176531e+00 1.009984249088235586e+00 1.011282978029411694e+00
3.094999999999999307e+00 1.009009679492437028e+00 1.006715477921344526e+00 1.005276400481344812e+00 1.011136227617647210e+00 1.009699363735294231e+00 1.010982607676470524e+00
3.105000000000000426e+00 1.008716961373361531e+00 1.006400371203025168e+00 1.004955255553613647e+00 1.010846367647058708e+00 1.009372989176470892e+00 1.010525103705882444e+00
3.114999999999998437e+00 1.008408825431428291e+00 1.006036296468907354e+00 1.004600273913277109e+00 1.010464836264705957e+00 1.008989231911764817e+00 1.010254738441176192e+00
3.125000000000000000e+00 1.008055213851008602e+00 1.005785346708907513e+00 1.004112111152269282e+00 1.010128105735294213e+00 1.008657274352940947e+00 1.009871739205882468e+00
3.135000000000001563e+00 1.007670611099916069e+00 1.005255790371428759e+00 1.003705239758319490e+00 1.009714696470587869e+00 1.008214798617647290e+00 1.009352264617647377e+00
3.144999999999999574e+00 1.007260946981428207e+00 1.004831841681680826e+00 1.003187063196302686e+00 1.009300651264705806e+00 1.007813222999999869e+00 1.008958174088235182e+00
3.155000000000000693e+00 1.006865712781176647e+00 1.004412170555293748e+00 1.002649780586218675e+00 1.008954109911764485e+00 1.007393268147058540e+00 1.008502122882353191e+00
3.165000000000002256e+00 1.006439745464958069e+00 1.004034463754622131e+00 1.002194509381512777e+00 1.008477712852941188e+00 1.006895833264705775e+00 1.008040309852941352e+00
3.174999999999998490e+00 1.005966983231596057e+00 1.003499325760336180e+00 1.001694101290084182e+00 1.007980323676470613e+00 1.006431303764705687e+00 1.007569830352941231e+00
3.185000000000001386e+00 1.005506063272100903e+00 1.003061264617814974e+00 1.001296593289411785e+00 1.007518912352940887e+00 1.005939326176470860e+00 1.007004779676470285e+00
3.194999999999997176e+00 1.004972919492941097e+00 1.002580079227562981e+00 1.000832366465546075e+00 1.007019977823529588e+00 1.005463836823529133e+00 1.006506441323529177e+00
3.204999999999998739e+00 1.004480785970587986e+00 1.001957843471596998e+00 1.000329178848403444e+00 1.006523545882352710e+00 1.004999129235293998e+00 1.006026331441176147e+00
3.215000000000002078e+00 1.004025127259411843e+00 1.001403691283697661e+00 9.997571350739499207e-01 1.005980536235294043e+00 1.004513276147058765e+00 1.005520037558823576e+00
3.224999999999997868e+00 1.003508562857227115e+00 1.000960296587899645e+00 9.993386152719325732e-01 1.005481251794117625e+00 1.004054740794117606e+00 1.005074154735294378e+00
3.234999999999999876e+00 1.003014053260756322e+00 1.000499192581512542e+00 9.988026571966386324e-01 1.005032574205882545e+00 1.003548928705882304e+00 1.004563025117647168e+00
3.245000000000000995e+00 1.002529312174285536e+00 9.998827387139496148e-01 9.983679199805047810e-01 1.004453508411764506e+00 1.003030667352941219e+00 1.004070431617647197e+00
3.254999999999999005e+00 1.002034016037394837e+00 9.993257969989919332e-01 9.979279145415126395e-01 1.003992103382353118e+00 1.002579265382353091e+00 1.003527040441176466e+00
3.265000000000000124e+00 1.001551527379327844e+00 9.988437961189917669e-01 9.975821507778152020e-01 1.003419271882352914e+00 1.002110476352941371e+00 1.003046509794117913e+00
3.275000000000002132e+00 1.001090801569411770e+00 9.984074361115969909e-01 9.970631081052099276e-01 1.002924603058823694e+00 1.001668120088235137e+00 1.002586417323529488e+00
3.284999999999997922e+00 1.000575746724201576e+00 9.978704560568066873e-01 9.967397989684031456e-01 1.002471695882353186e+00 1.001212877823529412e+00 1.002124695411764632e+00
3.295000000000001261e+00 1.000127295126974625e+00 9.973444530332773450e-01 9.962993782689074651e-01 1.002010299676470595e+00 1.000772018588235168e+00 1.001658359117646890e+00
3.305000000000003268e+00 9.996647205848738782e-01 9.969007462779834183e-01 9.959014853042016391e-01 1.001527467470588295e+00 1.000385559264705959e+00 1.001269367999999993e+00
3.314999999999998614e+00 9.991823740783190022e-01 9.964665071112602801e-01 9.954862924114286082e-01 1.001092892529411804e+00 1.000000875635294051e+00 1.000819011088235122e+00
3.325000000000001954e+00 9.988291194750421598e-01 9.959737456033613823e-01 9.951609551949578414e-01 1.000639800147058889e+00 9.995987693735292057e-01 1.000434033029411696e+00
3.334999999999997300e+00 9.983770764625209404e-01 9.955274601095801534e-01 9.948158002616470652e-01 1.000230275647058908e+00 9.992235727970587567e-01 1.000065051547058825e+00
3.344999999999999307e+00 9.979565525198320630e-01 9.951997891583193034e-01 9.945276368584540228e-01 9.998248318235295473e-01 9.988939120352938739e-01 9.997127424999999734e-01
3.355000000000000426e+00 9.976196648141173462e-01 9.947539532278992791e-01 9.942822856142522481e-01 9.994875712852939742e-01 9.985095665852943281e-01 9.993038041676470806e-01
3.364999999999998437e+00 9.972152610406552764e-01 9.943706299470252974e-01 9.939170502445714428e-01 9.990774534705879617e-01 9.982551713794114434e-01 9.989731127617647033e-01
3.375000000000000000e+00 9.969226890851261569e-01 9.940399872190588404e-01 9.937433850117984857e-01 9.987466425441174911e-01 9.979501645764706774e-01 9.986782606794120110e-01
3.385000000000001563e+00 9.966218722480170156e-01 9.936876090603025125e-01 9.935476963592269062e-01 9.984292777205884262e-01 9.976759219411761581e-01 9.984467442147056948e-01
3.394999999999999130e+00 9.962822514851763511e-01 9.933885596059160994e-01 9.933712027725380977e-01 9.981356747235293758e-01 9.974189226147056608e-01 9.981808282323527681e-01
3.405000000000000693e+00 9.961017962488907251e-01 9.931871794016470245e-01 9.931184394178486086e-01 9.978203159294117830e-01 9.971904099441175617e-01 9.979466452823529954e-01
3.415000000000002700e+00 9.958084374919243809e-01 9.929013181354284789e-01 9.929191111911934708e-01 9.975798472411765427e-01 9.969949231058822248e-01 9.977533048441178387e-01
3.424999999999998046e+00 9.955771928575292140e-01 9.925870077756300258e-01 9.927663195043360256e-01 9.974052247617645195e-01 9.968183505294118119e-01 9.975140875117647354e-01
3.435000000000001386e+00 9.953721405030337976e-01 9.924485223395295153e-01 9.927121876919997590e-01 9.971651347852941161e-01 9.966505219852941355e-01 9.974230746088238453e-01
3.444999999999996732e+00 9.951764999688067492e-01 9.923202264750252688e-01 9.926444699011764961e-01 9.969966209029412774e-01 9.964962719264707225e-01 9.972619503852941936e-01
3.454999999999998739e+00 9.950463591885544412e-01 9.921412794210755504e-01 9.924993702250083372e-01 9.968288562882352544e-01 9.964131488970586759e-01 9.971510623147059604e-01
3.465000000000002078e+00 9.948848869333025702e-01 9.919994111793279945e-01 9.924977067762353888e-01 9.967273332058821378e-01 9.963364456617647136e-01 9.970782755147060694e-01
3.474999999999997868e+00 9.947838907500587968e-01 9.918168245103531344e-01 9.924260679231935445e-01 9.965935098058823494e-01 9.962382136323528758e-01 9.969814640999998812e-01
3.484999999999999876e+00 9.946815436142100175e-01 9.917326129232270082e-01 9.924190627943193510e-01 9.964766867235297365e-01 9.961719651676468335e-01 9.968863751676471097e-01
3.495000000000001439e+00 9.946045848616890117e-01 9.917012470398653967e-01 9.923913393655463544e-01 9.964034297411764607e-01 9.961610180117650426e-01 9.968857621029409977e-01
3.504999999999998561e+00 9.945768390713439766e-01 9.916670757062523434e-01 9.924862882382522455e-01 9.963806352676470857e-01 9.961905426470586411e-01 9.969170730529410829e-01
